test_mae
1,142.85643050922602
2,145.72003388506525
3,178.45715017100875
4,146.51441170882066
5,145.84436357302707
6,117.33187967107207
7,105.81865552294894
8,117.60306575391631
9,173.75068878520457
10,109.16179722796943
11,116.57277371954567
12,118.47135603597518
13,109.83157486382638
14,92.09529778744248
15,106.6517768547059
16,111.00910859055018
17,108.82258634885783
18,78.93064117721572
19,79.961598245577
20,144.1410386669763
21,74.99731743233544
22,80.9094735675379
23,69.74603486678208
24,84.44606231262931
25,192.16888168728624
26,70.38226919098088
27,95.91053841363004
28,64.95533518240933
29,87.22264387957607
30,80.47864106109868
31,80.24847662352742
32,66.6225589030106
33,105.50399680150319
34,87.70180218933412
35,98.65746922898282
36,82.55802487543808
37,64.14820757505383
38,103.77748543258878
39,60.4951178060212
40,58.98699027255837
41,138.05127887092007
42,73.26258616412616
43,59.224098641430565
44,63.197028195329985
45,56.845328795971795
46,67.40814020077693
47,67.91915812502639
48,71.653723134738
49,73.71531267153655
50,52.34874963053667
51,62.81029245661445
52,51.28234585462146
53,67.55524136511421
54,77.23906190621965
55,53.6215956593337
56,64.20831068171262
57,59.07600652366676
58,52.297559166912976
59,65.94547381032808
60,53.77060681712621
61,78.25578737913271
62,52.351418343326436
63,50.373729310053626
64,56.0027656969134
65,54.81510471646329
66,58.844259991344
67,52.74945965988262
68,57.695508777393066
69,48.723312872102355
70,79.6776834913229
71,51.61829621986235
72,52.46500126673141
73,64.17557425157285
74,52.6429849470084
75,63.91521410399865
76,52.526711538867545
77,53.05444701895875
78,60.25542319385213
79,60.76956968078368
80,56.18399867521006
81,51.92511572119242
82,49.602357835789384
83,52.575053176329014
84,54.011359677827976
85,47.22331155259047
86,62.76567646096356
87,54.10104558121859
88,50.967997218468945
89,45.99932375015834
90,50.555183966347165
91,62.75222469704007
92,44.412862733817505
93,45.1191974464806
94,49.66172465481569
95,46.91597084406536
96,48.404820308871344
97,50.490471144914075
98,45.9912648313136
99,45.473966690241944
100,45.08602755668623
101,49.25939030633788
102,43.5802184056074
103,46.337155079592954
104,43.77238288012499
105,44.71994085947726
106,53.61461016340835
107,41.67073230270658
108,42.43025258096525
109,53.5732428060212
110,41.775845279314275
111,47.79962486277076
112,42.35616396782502
113,44.61057839484018
114,45.463140754971924
115,43.103997989063885
116,50.27270616053709
117,49.38161141430562
118,40.779983268589284
119,40.56671847950006
120,43.67798302052105
121,51.29861543617785
122,43.32009774944053
123,45.74691036291855
124,40.75934445329983
125,47.459897394755735
126,48.910300241734575
127,48.54834097770553
128,40.98986021091078
129,42.75599685164464
130,39.9103741344002
131,40.51563588597306
132,47.33042622872947
133,41.755838840096274
134,45.308221482709115
135,39.27460097960562
136,42.43815183887177
137,39.38680171430984
138,50.44273912194401
139,42.47688149199848
140,53.8373180393109
141,48.415954350166786
142,41.020527646413036
143,38.48413187993498
144,42.5772475245957
145,39.634514340455176
146,38.46830532449437
147,38.45470049719208
148,42.41584812945995
149,42.01194488134949
150,40.81156050753705
151,43.87499934024406
152,41.398919121838446
153,40.58039884885783
154,43.68783581577503
155,39.88772537263016
156,43.03118336464975
157,44.61114248617152
158,41.865892069205756
159,40.88803149938774
160,38.123082749229404
161,42.68709490985095
162,38.1990483680277
163,43.1176186505088
164,40.33518339895706
165,45.86311911497699
166,43.710169873960226
167,42.445670417599125
168,46.625509991344
169,39.62343703817084
170,39.891159402313896
171,45.12391008318203
172,40.24603750580585
173,37.94348002786809
174,37.62153364227505
175,39.18128443926023
176,42.960223973947556
177,37.601880172486595
178,38.85825077587299
179,41.54716100420133
180,37.53320188795761
181,40.56916023624541
182,38.57218455748849
183,39.451721699109065
184,38.74483411096567
185,44.51612773402863
186,41.837327275894104
187,38.34962314740531
188,38.85722056696787
189,44.275097775830766
190,39.66538827956762
191,43.562019037917494
192,38.86113061056454
193,43.48090402398345
194,39.311437133175694
195,36.94121541559346
196,39.80834881560613
197,42.931349755098594
198,39.12312695287759
199,41.71994283874509
200,38.19021291643795
201,37.5990923737491
202,36.341111306105645
203,39.92000096324368
204,38.79529290524849
205,40.85974050479247
206,38.095602924566144
207,37.91191301513744
208,41.21888788899211
209,44.814689070219146
210,38.55541982909682
211,40.689446280032094
212,37.73799706012752
213,36.33405785531816
214,43.92764456572225
215,37.47291602890259
216,37.1301662189123
217,38.62271955358274
218,39.813807636279186
219,38.782830115483684
220,36.05434277751974
221,35.44825995967572
222,37.16462230291771
223,39.28157525967994
224,36.08774358189419
225,43.929432504328
226,46.398864691973145
227,39.01068342798632
228,38.25088572235359
229,36.212071290588185
230,38.446798930139764
231,42.230597897225856
232,43.745028079212936
233,36.67760432060972
234,36.19849120413377
235,36.96624193778238
236,39.43453703605962
237,37.79391203605962
238,41.91038568012921
239,41.64986191308111
240,37.41803917894693
241,37.68322775039058
242,40.68096181860406
243,37.081997767385886
244,35.64668617784909
245,42.800571612549085
246,37.61275229067263
247,37.05390140079382
248,36.18876277287506
249,36.63883838090614
250,39.928080664400625
251,36.07258008117637
252,36.276927938816875
253,39.900720585441036
254,39.51676505826965
255,43.59697884558544
256,37.62007789078664
257,36.80558542783854
258,37.38993159650382
259,39.26018333298146
260,41.64801426656251
261,40.58167745587552
262,41.59412705052147
263,35.13775242262383
264,47.69439247033737
265,44.473152551408184
266,42.02967186378415
267,42.70908853396951
268,37.296446158636996
269,36.12942333372039
270,37.44737786597982
271,45.236605634843556
272,40.20631096144914
273,37.26985403559515
274,37.72574869104421
275,43.121831851961325
276,36.9516471466875
277,34.84760627348731
278,40.06764411708821
279,35.11824178999704
280,37.519115768694846
281,39.50355014672972
282,40.166279609846725
283,37.71232991491787
284,35.81036799866993
285,36.757631396993624
286,36.75800382922349
287,43.22932720727948
288,38.19382442047038
289,35.3705060723937
290,39.58269315014989
291,37.05250073892665
292,38.21917224380357
293,46.11525936325634
294,36.226353687244014
295,36.53975491386226
296,38.960972796942954
297,39.560008431680956
298,39.04456519444327
299,39.17457736034286
300,39.29675657380822
301,36.93460532079973
